INTRA4X4_LUMA =
15,6,15,22,
6,7,25,30,
15,25,38,48,
22,30,48,96

INTRA4X4_CHROMAU =
16,6,24,72,
6,8,41,144,
24,41,96,200,
72,144,200,255

INTRA4X4_CHROMAV =
16,6,24,72,
6,8,41,144,
24,41,96,200,
72,144,200,255

INTER4X4_LUMA =
4,11,15,22,
11,11,25,30,
15,25,38,48,
22,30,48,96

INTER4X4_CHROMAU =
5,16,16,16,
16,16,16,56,
16,16,72,96,
16,56,96,128

INTER4X4_CHROMAV =
5,16,16,16,
16,16,16,56,
16,16,72,96,
16,56,96,128

INTRA8X8_LUMA =
24,7,7,12,15,20,21,23,
8,9,14,15,18,21,23,21,
10,12,15,17,17,21,26,20,
14,15,17,17,18,33,30,23,
15,17,17,21,26,39,39,29,
18,18,20,24,33,39,41,35,
21,24,29,34,39,45,45,38,
27,35,36,39,38,38,38,38

INTER8X8_LUMA =
6,10,13,13,15,16,18,22,
10,10,12,15,15,16,21,24,
13,12,15,16,19,21,25,27,
13,15,16,21,24,28,30,34,
15,15,19,24,30,36,37,40,
16,16,21,28,36,42,45,52,
18,21,25,30,37,45,55,72,
22,24,27,34,40,52,72,96
